21
2 1 1 3 4 4 5 3 2 1 2 4 5 2 1 1 3 4 4 2 1
12345 2 1 1 1 4 4 3 3 2 1 2 4 5 2 2 1 4 4 4 3 1
23456 2 1 1 2 3 4 5 3 2 1 2 4 5 2 1 2 3 4 4 1 1
14567 1 2 1 3 4 4 3 3 2 1 2 4 5 2 2 1 4 4 4 2 1
15678 2 1 2 3 3 4 5 3 1 1 3 4 5 2 1 1 3 4 4 2 1
16789 2 1 1 3 4 4 5 3 2 1 2 4 5 2 1 1 3 4 4 2 1
17890 2 1 1 3 4 4 5 3 2 1 2 4 5 2 2 1 4 4 4 3 1
12245 1 2 1 3 4 4 3 3 2 1 4 4 5 2 2 1 4 4 4 2 1
12256 2 1 2 3 3 4 5 3 1 1 2 4 5 2 1 1 3 4 4 2 1
22345 2 1 1 2 3 4 5 3 2 1 2 4 5 2 1 2 3 4 4 1 1
22456 1 2 1 3 4 4 3 4 2 1 2 4 5 2 2 1 4 4 4 2 1
13244 2 1 1 3 3 4 5 3 1 1 3 4 5 2 1 1 3 4 4 2 1
22458 2 2 1 3 4 4 5 3 2 1 2 4 5 2 1 1 3 4 4 2 1
23678 2 1 3 3 4 4 5 3 2 1 2 4 5 2 2 4 4 4 4 3 1
24567 2 1 2 3 3 4 5 3 2 1 2 4 5 1 1 2 3 3 4 1 1
11412 2 1 2 3 3 4 5 3 1 2 2 4 4 2 1 1 3 4 4 2 1
22222 0 0 0 0 0 0 0 0 0 0 0 0 0 0 0 0 0 0 0 0 0
